{
 "cells": [
  {
   "cell_type": "code",
   "execution_count": 120,
   "id": "1bd75bd1",
   "metadata": {},
   "outputs": [],
   "source": [
    "import pandas as pd\n",
    "import numpy as np\n",
    "import seaborn as sns\n",
    "\n",
    "from sklearn.linear_model import LinearRegression, LogisticRegression\n",
    "from sklearn.model_selection import train_test_split, KFold, cross_val_score\n",
    "from sklearn import metrics\n",
    "from sklearn.metrics import PrecisionRecallDisplay\n",
    "\n",
    "from scipy import stats\n"
   ]
  },
  {
   "cell_type": "code",
   "execution_count": 152,
   "id": "457bb10c",
   "metadata": {},
   "outputs": [],
   "source": [
    "#import the dataframe\n",
    "df = pd.read_csv('2950 Data Annotated.txt', sep='^', header = None)\n",
    "df.columns = ['Link', 'Title', 'Author', 'Year', 'Authors Gender', 'Anger', 'Anticipation', 'Disgust', 'Fear', 'Joy', 'Negative', 'Positive', 'Sadness', 'Surprise', 'Trust', 'Number of Hits']\n",
    "df=df.drop(['Link','Author'], axis=1)\n",
    "#generate male and female dataframes\n",
    "male_df = df[df['Authors Gender']=='m'].drop(['Authors Gender'], axis=1)\n",
    "female_df = df[df['Authors Gender']=='f'].drop(['Authors Gender'], axis=1)\n",
    "both_df = df.drop(['Authors Gender'], axis=1)\n",
    "male_data = male_df.drop(['Title'], axis=1)\n",
    "female_data = female_df.drop(['Title'], axis=1)\n",
    "both_data = both_df.drop(['Title'], axis=1)"
   ]
  },
  {
   "cell_type": "code",
   "execution_count": 153,
   "id": "40ba2946",
   "metadata": {},
   "outputs": [],
   "source": [
    "#\n",
    "for m in male_data.columns:\n",
    "    if (m!='Year'):\n",
    "        male_data[m] = male_data[m]/male_data['Number of Hits']\n",
    "for f in female_data.columns:\n",
    "    if (f!='Year'):\n",
    "        female_data[f] = female_data[f]/female_data['Number of Hits']\n",
    "for b in both_data.columns:\n",
    "    if (b!='Year'):\n",
    "        both_data[b] = both_data[b]/both_data['Number of Hits']"
   ]
  },
  {
   "cell_type": "code",
   "execution_count": 154,
   "id": "aecd9690",
   "metadata": {
    "scrolled": true
   },
   "outputs": [
    {
     "data": {
      "text/html": [
       "<div>\n",
       "<style scoped>\n",
       "    .dataframe tbody tr th:only-of-type {\n",
       "        vertical-align: middle;\n",
       "    }\n",
       "\n",
       "    .dataframe tbody tr th {\n",
       "        vertical-align: top;\n",
       "    }\n",
       "\n",
       "    .dataframe thead th {\n",
       "        text-align: right;\n",
       "    }\n",
       "</style>\n",
       "<table border=\"1\" class=\"dataframe\">\n",
       "  <thead>\n",
       "    <tr style=\"text-align: right;\">\n",
       "      <th></th>\n",
       "      <th>Year</th>\n",
       "      <th>Anger</th>\n",
       "      <th>Anticipation</th>\n",
       "      <th>Disgust</th>\n",
       "      <th>Fear</th>\n",
       "      <th>Joy</th>\n",
       "      <th>Negative</th>\n",
       "      <th>Positive</th>\n",
       "      <th>Sadness</th>\n",
       "      <th>Surprise</th>\n",
       "      <th>Trust</th>\n",
       "    </tr>\n",
       "  </thead>\n",
       "  <tbody>\n",
       "    <tr>\n",
       "      <th>Year</th>\n",
       "      <td>1.000000</td>\n",
       "      <td>-0.050386</td>\n",
       "      <td>0.230235</td>\n",
       "      <td>-0.453221</td>\n",
       "      <td>-0.058802</td>\n",
       "      <td>0.051525</td>\n",
       "      <td>-0.040955</td>\n",
       "      <td>-0.081218</td>\n",
       "      <td>-0.098211</td>\n",
       "      <td>0.291129</td>\n",
       "      <td>-0.074976</td>\n",
       "    </tr>\n",
       "    <tr>\n",
       "      <th>Anger</th>\n",
       "      <td>-0.050386</td>\n",
       "      <td>1.000000</td>\n",
       "      <td>0.040388</td>\n",
       "      <td>0.345086</td>\n",
       "      <td>0.709574</td>\n",
       "      <td>-0.135249</td>\n",
       "      <td>0.669382</td>\n",
       "      <td>-0.611061</td>\n",
       "      <td>0.663535</td>\n",
       "      <td>0.339303</td>\n",
       "      <td>-0.526922</td>\n",
       "    </tr>\n",
       "    <tr>\n",
       "      <th>Anticipation</th>\n",
       "      <td>0.230235</td>\n",
       "      <td>0.040388</td>\n",
       "      <td>1.000000</td>\n",
       "      <td>-0.470288</td>\n",
       "      <td>0.250987</td>\n",
       "      <td>0.715865</td>\n",
       "      <td>-0.051779</td>\n",
       "      <td>0.240752</td>\n",
       "      <td>0.350151</td>\n",
       "      <td>0.506958</td>\n",
       "      <td>-0.031270</td>\n",
       "    </tr>\n",
       "    <tr>\n",
       "      <th>Disgust</th>\n",
       "      <td>-0.453221</td>\n",
       "      <td>0.345086</td>\n",
       "      <td>-0.470288</td>\n",
       "      <td>1.000000</td>\n",
       "      <td>0.215741</td>\n",
       "      <td>-0.225112</td>\n",
       "      <td>0.366490</td>\n",
       "      <td>-0.244829</td>\n",
       "      <td>0.377607</td>\n",
       "      <td>-0.357131</td>\n",
       "      <td>0.002251</td>\n",
       "    </tr>\n",
       "    <tr>\n",
       "      <th>Fear</th>\n",
       "      <td>-0.058802</td>\n",
       "      <td>0.709574</td>\n",
       "      <td>0.250987</td>\n",
       "      <td>0.215741</td>\n",
       "      <td>1.000000</td>\n",
       "      <td>0.097695</td>\n",
       "      <td>0.587691</td>\n",
       "      <td>-0.437416</td>\n",
       "      <td>0.690355</td>\n",
       "      <td>0.193687</td>\n",
       "      <td>-0.451276</td>\n",
       "    </tr>\n",
       "    <tr>\n",
       "      <th>Joy</th>\n",
       "      <td>0.051525</td>\n",
       "      <td>-0.135249</td>\n",
       "      <td>0.715865</td>\n",
       "      <td>-0.225112</td>\n",
       "      <td>0.097695</td>\n",
       "      <td>1.000000</td>\n",
       "      <td>-0.211646</td>\n",
       "      <td>0.583234</td>\n",
       "      <td>0.232716</td>\n",
       "      <td>0.314971</td>\n",
       "      <td>0.154174</td>\n",
       "    </tr>\n",
       "    <tr>\n",
       "      <th>Negative</th>\n",
       "      <td>-0.040955</td>\n",
       "      <td>0.669382</td>\n",
       "      <td>-0.051779</td>\n",
       "      <td>0.366490</td>\n",
       "      <td>0.587691</td>\n",
       "      <td>-0.211646</td>\n",
       "      <td>1.000000</td>\n",
       "      <td>-0.764345</td>\n",
       "      <td>0.648498</td>\n",
       "      <td>0.015005</td>\n",
       "      <td>-0.396473</td>\n",
       "    </tr>\n",
       "    <tr>\n",
       "      <th>Positive</th>\n",
       "      <td>-0.081218</td>\n",
       "      <td>-0.611061</td>\n",
       "      <td>0.240752</td>\n",
       "      <td>-0.244829</td>\n",
       "      <td>-0.437416</td>\n",
       "      <td>0.583234</td>\n",
       "      <td>-0.764345</td>\n",
       "      <td>1.000000</td>\n",
       "      <td>-0.398716</td>\n",
       "      <td>-0.035177</td>\n",
       "      <td>0.442849</td>\n",
       "    </tr>\n",
       "    <tr>\n",
       "      <th>Sadness</th>\n",
       "      <td>-0.098211</td>\n",
       "      <td>0.663535</td>\n",
       "      <td>0.350151</td>\n",
       "      <td>0.377607</td>\n",
       "      <td>0.690355</td>\n",
       "      <td>0.232716</td>\n",
       "      <td>0.648498</td>\n",
       "      <td>-0.398716</td>\n",
       "      <td>1.000000</td>\n",
       "      <td>0.275095</td>\n",
       "      <td>-0.434056</td>\n",
       "    </tr>\n",
       "    <tr>\n",
       "      <th>Surprise</th>\n",
       "      <td>0.291129</td>\n",
       "      <td>0.339303</td>\n",
       "      <td>0.506958</td>\n",
       "      <td>-0.357131</td>\n",
       "      <td>0.193687</td>\n",
       "      <td>0.314971</td>\n",
       "      <td>0.015005</td>\n",
       "      <td>-0.035177</td>\n",
       "      <td>0.275095</td>\n",
       "      <td>1.000000</td>\n",
       "      <td>-0.465868</td>\n",
       "    </tr>\n",
       "    <tr>\n",
       "      <th>Trust</th>\n",
       "      <td>-0.074976</td>\n",
       "      <td>-0.526922</td>\n",
       "      <td>-0.031270</td>\n",
       "      <td>0.002251</td>\n",
       "      <td>-0.451276</td>\n",
       "      <td>0.154174</td>\n",
       "      <td>-0.396473</td>\n",
       "      <td>0.442849</td>\n",
       "      <td>-0.434056</td>\n",
       "      <td>-0.465868</td>\n",
       "      <td>1.000000</td>\n",
       "    </tr>\n",
       "  </tbody>\n",
       "</table>\n",
       "</div>"
      ],
      "text/plain": [
       "                  Year     Anger  Anticipation   Disgust      Fear       Joy  \\\n",
       "Year          1.000000 -0.050386      0.230235 -0.453221 -0.058802  0.051525   \n",
       "Anger        -0.050386  1.000000      0.040388  0.345086  0.709574 -0.135249   \n",
       "Anticipation  0.230235  0.040388      1.000000 -0.470288  0.250987  0.715865   \n",
       "Disgust      -0.453221  0.345086     -0.470288  1.000000  0.215741 -0.225112   \n",
       "Fear         -0.058802  0.709574      0.250987  0.215741  1.000000  0.097695   \n",
       "Joy           0.051525 -0.135249      0.715865 -0.225112  0.097695  1.000000   \n",
       "Negative     -0.040955  0.669382     -0.051779  0.366490  0.587691 -0.211646   \n",
       "Positive     -0.081218 -0.611061      0.240752 -0.244829 -0.437416  0.583234   \n",
       "Sadness      -0.098211  0.663535      0.350151  0.377607  0.690355  0.232716   \n",
       "Surprise      0.291129  0.339303      0.506958 -0.357131  0.193687  0.314971   \n",
       "Trust        -0.074976 -0.526922     -0.031270  0.002251 -0.451276  0.154174   \n",
       "\n",
       "              Negative  Positive   Sadness  Surprise     Trust  \n",
       "Year         -0.040955 -0.081218 -0.098211  0.291129 -0.074976  \n",
       "Anger         0.669382 -0.611061  0.663535  0.339303 -0.526922  \n",
       "Anticipation -0.051779  0.240752  0.350151  0.506958 -0.031270  \n",
       "Disgust       0.366490 -0.244829  0.377607 -0.357131  0.002251  \n",
       "Fear          0.587691 -0.437416  0.690355  0.193687 -0.451276  \n",
       "Joy          -0.211646  0.583234  0.232716  0.314971  0.154174  \n",
       "Negative      1.000000 -0.764345  0.648498  0.015005 -0.396473  \n",
       "Positive     -0.764345  1.000000 -0.398716 -0.035177  0.442849  \n",
       "Sadness       0.648498 -0.398716  1.000000  0.275095 -0.434056  \n",
       "Surprise      0.015005 -0.035177  0.275095  1.000000 -0.465868  \n",
       "Trust        -0.396473  0.442849 -0.434056 -0.465868  1.000000  "
      ]
     },
     "execution_count": 154,
     "metadata": {},
     "output_type": "execute_result"
    }
   ],
   "source": [
    "male_data[['Year', 'Anger', 'Anticipation', 'Disgust', 'Fear', 'Joy', 'Negative', 'Positive', 'Sadness', 'Surprise', 'Trust']].corr()"
   ]
  },
  {
   "cell_type": "code",
   "execution_count": 155,
   "id": "77a28921",
   "metadata": {
    "scrolled": false
   },
   "outputs": [
    {
     "data": {
      "text/html": [
       "<div>\n",
       "<style scoped>\n",
       "    .dataframe tbody tr th:only-of-type {\n",
       "        vertical-align: middle;\n",
       "    }\n",
       "\n",
       "    .dataframe tbody tr th {\n",
       "        vertical-align: top;\n",
       "    }\n",
       "\n",
       "    .dataframe thead th {\n",
       "        text-align: right;\n",
       "    }\n",
       "</style>\n",
       "<table border=\"1\" class=\"dataframe\">\n",
       "  <thead>\n",
       "    <tr style=\"text-align: right;\">\n",
       "      <th></th>\n",
       "      <th>Year</th>\n",
       "      <th>Anger</th>\n",
       "      <th>Anticipation</th>\n",
       "      <th>Disgust</th>\n",
       "      <th>Fear</th>\n",
       "      <th>Joy</th>\n",
       "      <th>Negative</th>\n",
       "      <th>Positive</th>\n",
       "      <th>Sadness</th>\n",
       "      <th>Surprise</th>\n",
       "      <th>Trust</th>\n",
       "    </tr>\n",
       "  </thead>\n",
       "  <tbody>\n",
       "    <tr>\n",
       "      <th>Year</th>\n",
       "      <td>1.000000</td>\n",
       "      <td>-0.086311</td>\n",
       "      <td>-0.112306</td>\n",
       "      <td>-0.221301</td>\n",
       "      <td>-0.155992</td>\n",
       "      <td>0.017978</td>\n",
       "      <td>-0.099725</td>\n",
       "      <td>-0.064975</td>\n",
       "      <td>-0.200856</td>\n",
       "      <td>-0.035069</td>\n",
       "      <td>0.007172</td>\n",
       "    </tr>\n",
       "    <tr>\n",
       "      <th>Anger</th>\n",
       "      <td>-0.086311</td>\n",
       "      <td>1.000000</td>\n",
       "      <td>-0.178749</td>\n",
       "      <td>0.382598</td>\n",
       "      <td>0.728715</td>\n",
       "      <td>-0.295991</td>\n",
       "      <td>0.689127</td>\n",
       "      <td>-0.618674</td>\n",
       "      <td>0.552417</td>\n",
       "      <td>0.253081</td>\n",
       "      <td>-0.311203</td>\n",
       "    </tr>\n",
       "    <tr>\n",
       "      <th>Anticipation</th>\n",
       "      <td>-0.112306</td>\n",
       "      <td>-0.178749</td>\n",
       "      <td>1.000000</td>\n",
       "      <td>-0.583205</td>\n",
       "      <td>0.051702</td>\n",
       "      <td>0.680818</td>\n",
       "      <td>-0.027988</td>\n",
       "      <td>0.288841</td>\n",
       "      <td>0.259056</td>\n",
       "      <td>0.325967</td>\n",
       "      <td>-0.013970</td>\n",
       "    </tr>\n",
       "    <tr>\n",
       "      <th>Disgust</th>\n",
       "      <td>-0.221301</td>\n",
       "      <td>0.382598</td>\n",
       "      <td>-0.583205</td>\n",
       "      <td>1.000000</td>\n",
       "      <td>0.293568</td>\n",
       "      <td>-0.472710</td>\n",
       "      <td>0.230331</td>\n",
       "      <td>-0.345169</td>\n",
       "      <td>0.106896</td>\n",
       "      <td>-0.161449</td>\n",
       "      <td>0.076454</td>\n",
       "    </tr>\n",
       "    <tr>\n",
       "      <th>Fear</th>\n",
       "      <td>-0.155992</td>\n",
       "      <td>0.728715</td>\n",
       "      <td>0.051702</td>\n",
       "      <td>0.293568</td>\n",
       "      <td>1.000000</td>\n",
       "      <td>-0.383455</td>\n",
       "      <td>0.628306</td>\n",
       "      <td>-0.686774</td>\n",
       "      <td>0.492963</td>\n",
       "      <td>0.112105</td>\n",
       "      <td>-0.111429</td>\n",
       "    </tr>\n",
       "    <tr>\n",
       "      <th>Joy</th>\n",
       "      <td>0.017978</td>\n",
       "      <td>-0.295991</td>\n",
       "      <td>0.680818</td>\n",
       "      <td>-0.472710</td>\n",
       "      <td>-0.383455</td>\n",
       "      <td>1.000000</td>\n",
       "      <td>-0.262403</td>\n",
       "      <td>0.589648</td>\n",
       "      <td>0.159653</td>\n",
       "      <td>0.313625</td>\n",
       "      <td>-0.054444</td>\n",
       "    </tr>\n",
       "    <tr>\n",
       "      <th>Negative</th>\n",
       "      <td>-0.099725</td>\n",
       "      <td>0.689127</td>\n",
       "      <td>-0.027988</td>\n",
       "      <td>0.230331</td>\n",
       "      <td>0.628306</td>\n",
       "      <td>-0.262403</td>\n",
       "      <td>1.000000</td>\n",
       "      <td>-0.761001</td>\n",
       "      <td>0.468594</td>\n",
       "      <td>0.215207</td>\n",
       "      <td>-0.212348</td>\n",
       "    </tr>\n",
       "    <tr>\n",
       "      <th>Positive</th>\n",
       "      <td>-0.064975</td>\n",
       "      <td>-0.618674</td>\n",
       "      <td>0.288841</td>\n",
       "      <td>-0.345169</td>\n",
       "      <td>-0.686774</td>\n",
       "      <td>0.589648</td>\n",
       "      <td>-0.761001</td>\n",
       "      <td>1.000000</td>\n",
       "      <td>-0.288360</td>\n",
       "      <td>-0.111713</td>\n",
       "      <td>0.164113</td>\n",
       "    </tr>\n",
       "    <tr>\n",
       "      <th>Sadness</th>\n",
       "      <td>-0.200856</td>\n",
       "      <td>0.552417</td>\n",
       "      <td>0.259056</td>\n",
       "      <td>0.106896</td>\n",
       "      <td>0.492963</td>\n",
       "      <td>0.159653</td>\n",
       "      <td>0.468594</td>\n",
       "      <td>-0.288360</td>\n",
       "      <td>1.000000</td>\n",
       "      <td>0.610630</td>\n",
       "      <td>-0.490404</td>\n",
       "    </tr>\n",
       "    <tr>\n",
       "      <th>Surprise</th>\n",
       "      <td>-0.035069</td>\n",
       "      <td>0.253081</td>\n",
       "      <td>0.325967</td>\n",
       "      <td>-0.161449</td>\n",
       "      <td>0.112105</td>\n",
       "      <td>0.313625</td>\n",
       "      <td>0.215207</td>\n",
       "      <td>-0.111713</td>\n",
       "      <td>0.610630</td>\n",
       "      <td>1.000000</td>\n",
       "      <td>-0.613707</td>\n",
       "    </tr>\n",
       "    <tr>\n",
       "      <th>Trust</th>\n",
       "      <td>0.007172</td>\n",
       "      <td>-0.311203</td>\n",
       "      <td>-0.013970</td>\n",
       "      <td>0.076454</td>\n",
       "      <td>-0.111429</td>\n",
       "      <td>-0.054444</td>\n",
       "      <td>-0.212348</td>\n",
       "      <td>0.164113</td>\n",
       "      <td>-0.490404</td>\n",
       "      <td>-0.613707</td>\n",
       "      <td>1.000000</td>\n",
       "    </tr>\n",
       "  </tbody>\n",
       "</table>\n",
       "</div>"
      ],
      "text/plain": [
       "                  Year     Anger  Anticipation   Disgust      Fear       Joy  \\\n",
       "Year          1.000000 -0.086311     -0.112306 -0.221301 -0.155992  0.017978   \n",
       "Anger        -0.086311  1.000000     -0.178749  0.382598  0.728715 -0.295991   \n",
       "Anticipation -0.112306 -0.178749      1.000000 -0.583205  0.051702  0.680818   \n",
       "Disgust      -0.221301  0.382598     -0.583205  1.000000  0.293568 -0.472710   \n",
       "Fear         -0.155992  0.728715      0.051702  0.293568  1.000000 -0.383455   \n",
       "Joy           0.017978 -0.295991      0.680818 -0.472710 -0.383455  1.000000   \n",
       "Negative     -0.099725  0.689127     -0.027988  0.230331  0.628306 -0.262403   \n",
       "Positive     -0.064975 -0.618674      0.288841 -0.345169 -0.686774  0.589648   \n",
       "Sadness      -0.200856  0.552417      0.259056  0.106896  0.492963  0.159653   \n",
       "Surprise     -0.035069  0.253081      0.325967 -0.161449  0.112105  0.313625   \n",
       "Trust         0.007172 -0.311203     -0.013970  0.076454 -0.111429 -0.054444   \n",
       "\n",
       "              Negative  Positive   Sadness  Surprise     Trust  \n",
       "Year         -0.099725 -0.064975 -0.200856 -0.035069  0.007172  \n",
       "Anger         0.689127 -0.618674  0.552417  0.253081 -0.311203  \n",
       "Anticipation -0.027988  0.288841  0.259056  0.325967 -0.013970  \n",
       "Disgust       0.230331 -0.345169  0.106896 -0.161449  0.076454  \n",
       "Fear          0.628306 -0.686774  0.492963  0.112105 -0.111429  \n",
       "Joy          -0.262403  0.589648  0.159653  0.313625 -0.054444  \n",
       "Negative      1.000000 -0.761001  0.468594  0.215207 -0.212348  \n",
       "Positive     -0.761001  1.000000 -0.288360 -0.111713  0.164113  \n",
       "Sadness       0.468594 -0.288360  1.000000  0.610630 -0.490404  \n",
       "Surprise      0.215207 -0.111713  0.610630  1.000000 -0.613707  \n",
       "Trust        -0.212348  0.164113 -0.490404 -0.613707  1.000000  "
      ]
     },
     "execution_count": 155,
     "metadata": {},
     "output_type": "execute_result"
    }
   ],
   "source": [
    "female_data[['Year', 'Anger', 'Anticipation', 'Disgust', 'Fear', 'Joy', 'Negative', 'Positive', 'Sadness', 'Surprise', 'Trust']].corr()"
   ]
  },
  {
   "cell_type": "code",
   "execution_count": 157,
   "id": "d9af30bd",
   "metadata": {
    "scrolled": true
   },
   "outputs": [
    {
     "data": {
      "text/html": [
       "<div>\n",
       "<style scoped>\n",
       "    .dataframe tbody tr th:only-of-type {\n",
       "        vertical-align: middle;\n",
       "    }\n",
       "\n",
       "    .dataframe tbody tr th {\n",
       "        vertical-align: top;\n",
       "    }\n",
       "\n",
       "    .dataframe thead th {\n",
       "        text-align: right;\n",
       "    }\n",
       "</style>\n",
       "<table border=\"1\" class=\"dataframe\">\n",
       "  <thead>\n",
       "    <tr style=\"text-align: right;\">\n",
       "      <th></th>\n",
       "      <th>Year</th>\n",
       "      <th>Anger</th>\n",
       "      <th>Anticipation</th>\n",
       "      <th>Disgust</th>\n",
       "      <th>Fear</th>\n",
       "      <th>Joy</th>\n",
       "      <th>Negative</th>\n",
       "      <th>Positive</th>\n",
       "      <th>Sadness</th>\n",
       "      <th>Surprise</th>\n",
       "      <th>Trust</th>\n",
       "    </tr>\n",
       "  </thead>\n",
       "  <tbody>\n",
       "    <tr>\n",
       "      <th>Year</th>\n",
       "      <td>1.000000</td>\n",
       "      <td>-0.054840</td>\n",
       "      <td>0.154316</td>\n",
       "      <td>-0.410206</td>\n",
       "      <td>-0.085029</td>\n",
       "      <td>0.043777</td>\n",
       "      <td>-0.052231</td>\n",
       "      <td>-0.075672</td>\n",
       "      <td>-0.108340</td>\n",
       "      <td>0.206451</td>\n",
       "      <td>-0.062184</td>\n",
       "    </tr>\n",
       "    <tr>\n",
       "      <th>Anger</th>\n",
       "      <td>-0.054840</td>\n",
       "      <td>1.000000</td>\n",
       "      <td>-0.016624</td>\n",
       "      <td>0.342688</td>\n",
       "      <td>0.718411</td>\n",
       "      <td>-0.182325</td>\n",
       "      <td>0.681144</td>\n",
       "      <td>-0.614138</td>\n",
       "      <td>0.620795</td>\n",
       "      <td>0.311521</td>\n",
       "      <td>-0.434350</td>\n",
       "    </tr>\n",
       "    <tr>\n",
       "      <th>Anticipation</th>\n",
       "      <td>0.154316</td>\n",
       "      <td>-0.016624</td>\n",
       "      <td>1.000000</td>\n",
       "      <td>-0.507502</td>\n",
       "      <td>0.191694</td>\n",
       "      <td>0.703443</td>\n",
       "      <td>-0.012319</td>\n",
       "      <td>0.239982</td>\n",
       "      <td>0.335759</td>\n",
       "      <td>0.471409</td>\n",
       "      <td>-0.059550</td>\n",
       "    </tr>\n",
       "    <tr>\n",
       "      <th>Disgust</th>\n",
       "      <td>-0.410206</td>\n",
       "      <td>0.342688</td>\n",
       "      <td>-0.507502</td>\n",
       "      <td>1.000000</td>\n",
       "      <td>0.229557</td>\n",
       "      <td>-0.308071</td>\n",
       "      <td>0.305696</td>\n",
       "      <td>-0.269531</td>\n",
       "      <td>0.264049</td>\n",
       "      <td>-0.302164</td>\n",
       "      <td>0.044933</td>\n",
       "    </tr>\n",
       "    <tr>\n",
       "      <th>Fear</th>\n",
       "      <td>-0.085029</td>\n",
       "      <td>0.718411</td>\n",
       "      <td>0.191694</td>\n",
       "      <td>0.229557</td>\n",
       "      <td>1.000000</td>\n",
       "      <td>-0.097481</td>\n",
       "      <td>0.614890</td>\n",
       "      <td>-0.547463</td>\n",
       "      <td>0.604364</td>\n",
       "      <td>0.169480</td>\n",
       "      <td>-0.298552</td>\n",
       "    </tr>\n",
       "    <tr>\n",
       "      <th>Joy</th>\n",
       "      <td>0.043777</td>\n",
       "      <td>-0.182325</td>\n",
       "      <td>0.703443</td>\n",
       "      <td>-0.308071</td>\n",
       "      <td>-0.097481</td>\n",
       "      <td>1.000000</td>\n",
       "      <td>-0.215786</td>\n",
       "      <td>0.578013</td>\n",
       "      <td>0.218774</td>\n",
       "      <td>0.344349</td>\n",
       "      <td>0.033611</td>\n",
       "    </tr>\n",
       "    <tr>\n",
       "      <th>Negative</th>\n",
       "      <td>-0.052231</td>\n",
       "      <td>0.681144</td>\n",
       "      <td>-0.012319</td>\n",
       "      <td>0.305696</td>\n",
       "      <td>0.614890</td>\n",
       "      <td>-0.215786</td>\n",
       "      <td>1.000000</td>\n",
       "      <td>-0.763051</td>\n",
       "      <td>0.579189</td>\n",
       "      <td>0.116710</td>\n",
       "      <td>-0.322424</td>\n",
       "    </tr>\n",
       "    <tr>\n",
       "      <th>Positive</th>\n",
       "      <td>-0.075672</td>\n",
       "      <td>-0.614138</td>\n",
       "      <td>0.239982</td>\n",
       "      <td>-0.269531</td>\n",
       "      <td>-0.547463</td>\n",
       "      <td>0.578013</td>\n",
       "      <td>-0.763051</td>\n",
       "      <td>1.000000</td>\n",
       "      <td>-0.352257</td>\n",
       "      <td>-0.067074</td>\n",
       "      <td>0.316423</td>\n",
       "    </tr>\n",
       "    <tr>\n",
       "      <th>Sadness</th>\n",
       "      <td>-0.108340</td>\n",
       "      <td>0.620795</td>\n",
       "      <td>0.335759</td>\n",
       "      <td>0.264049</td>\n",
       "      <td>0.604364</td>\n",
       "      <td>0.218774</td>\n",
       "      <td>0.579189</td>\n",
       "      <td>-0.352257</td>\n",
       "      <td>1.000000</td>\n",
       "      <td>0.433126</td>\n",
       "      <td>-0.469091</td>\n",
       "    </tr>\n",
       "    <tr>\n",
       "      <th>Surprise</th>\n",
       "      <td>0.206451</td>\n",
       "      <td>0.311521</td>\n",
       "      <td>0.471409</td>\n",
       "      <td>-0.302164</td>\n",
       "      <td>0.169480</td>\n",
       "      <td>0.344349</td>\n",
       "      <td>0.116710</td>\n",
       "      <td>-0.067074</td>\n",
       "      <td>0.433126</td>\n",
       "      <td>1.000000</td>\n",
       "      <td>-0.546973</td>\n",
       "    </tr>\n",
       "    <tr>\n",
       "      <th>Trust</th>\n",
       "      <td>-0.062184</td>\n",
       "      <td>-0.434350</td>\n",
       "      <td>-0.059550</td>\n",
       "      <td>0.044933</td>\n",
       "      <td>-0.298552</td>\n",
       "      <td>0.033611</td>\n",
       "      <td>-0.322424</td>\n",
       "      <td>0.316423</td>\n",
       "      <td>-0.469091</td>\n",
       "      <td>-0.546973</td>\n",
       "      <td>1.000000</td>\n",
       "    </tr>\n",
       "  </tbody>\n",
       "</table>\n",
       "</div>"
      ],
      "text/plain": [
       "                  Year     Anger  Anticipation   Disgust      Fear       Joy  \\\n",
       "Year          1.000000 -0.054840      0.154316 -0.410206 -0.085029  0.043777   \n",
       "Anger        -0.054840  1.000000     -0.016624  0.342688  0.718411 -0.182325   \n",
       "Anticipation  0.154316 -0.016624      1.000000 -0.507502  0.191694  0.703443   \n",
       "Disgust      -0.410206  0.342688     -0.507502  1.000000  0.229557 -0.308071   \n",
       "Fear         -0.085029  0.718411      0.191694  0.229557  1.000000 -0.097481   \n",
       "Joy           0.043777 -0.182325      0.703443 -0.308071 -0.097481  1.000000   \n",
       "Negative     -0.052231  0.681144     -0.012319  0.305696  0.614890 -0.215786   \n",
       "Positive     -0.075672 -0.614138      0.239982 -0.269531 -0.547463  0.578013   \n",
       "Sadness      -0.108340  0.620795      0.335759  0.264049  0.604364  0.218774   \n",
       "Surprise      0.206451  0.311521      0.471409 -0.302164  0.169480  0.344349   \n",
       "Trust        -0.062184 -0.434350     -0.059550  0.044933 -0.298552  0.033611   \n",
       "\n",
       "              Negative  Positive   Sadness  Surprise     Trust  \n",
       "Year         -0.052231 -0.075672 -0.108340  0.206451 -0.062184  \n",
       "Anger         0.681144 -0.614138  0.620795  0.311521 -0.434350  \n",
       "Anticipation -0.012319  0.239982  0.335759  0.471409 -0.059550  \n",
       "Disgust       0.305696 -0.269531  0.264049 -0.302164  0.044933  \n",
       "Fear          0.614890 -0.547463  0.604364  0.169480 -0.298552  \n",
       "Joy          -0.215786  0.578013  0.218774  0.344349  0.033611  \n",
       "Negative      1.000000 -0.763051  0.579189  0.116710 -0.322424  \n",
       "Positive     -0.763051  1.000000 -0.352257 -0.067074  0.316423  \n",
       "Sadness       0.579189 -0.352257  1.000000  0.433126 -0.469091  \n",
       "Surprise      0.116710 -0.067074  0.433126  1.000000 -0.546973  \n",
       "Trust        -0.322424  0.316423 -0.469091 -0.546973  1.000000  "
      ]
     },
     "execution_count": 157,
     "metadata": {},
     "output_type": "execute_result"
    }
   ],
   "source": [
    "both_data[['Year', 'Anger', 'Anticipation', 'Disgust', 'Fear', 'Joy', 'Negative', 'Positive', 'Sadness', 'Surprise', 'Trust']].corr()"
   ]
  },
  {
   "cell_type": "code",
   "execution_count": 158,
   "id": "4dd155f9",
   "metadata": {
    "scrolled": true
   },
   "outputs": [
    {
     "data": {
      "text/plain": [
       "<seaborn.axisgrid.FacetGrid at 0x29d0b2ea8b0>"
      ]
     },
     "execution_count": 158,
     "metadata": {},
     "output_type": "execute_result"
    },
    {
     "data": {
